365590.421731
308417.442108
375419.887154
351167.874896
300220.496426
329406.035753
314987.844933
304368.684714
305870.480565
335623.007725
317398.555212
315292.535629
341378.248415
374575.606760
317687.665237
283512.883875
269318.839902
310201.002187
333607.743572
326475.889993
342596.559701
374767.894466
260563.500273
361206.637103
308233.540094
310215.319484
337953.920477
288233.173169
334693.132240
318566.722496
345834.130875
348061.360064
353789.434055
330596.435909
324470.514071
367578.482282
326866.316414
281953.219692
349114.797336
302310.234296
347449.143488
296713.654777
335808.123862
332564.170449
368546.509582
308372.033882
333049.608621
330847.900393
318733.478665
317693.956295
