44.911847 28.124740 38.660363 32.882181 28.442270 31.324529 28.896037 28.375488 28.391284 30.220676 28.643999 28.917662 31.916492 34.124075 31.694207 26.385734 24.786033 26.960377 30.897747 31.497869 33.530115 35.969694 24.717194 35.374947 30.714983 30.521295 31.484134 29.559560 30.674530 31.679389 33.154074 34.472853 33.406370 30.091417 31.022063 36.509642 30.673633 25.531177 32.280638 30.814101 34.812128 27.149636 33.555342 31.080627 35.655893 27.252580 32.461060 33.261460 30.982701 32.054820 
0.000000 29.101930 10.067898 8.563979 9.452947 9.746233 8.675563 9.908576 9.860545 15.581889 9.760799 15.337792 9.093433 13.438445 9.162230 11.841870 9.003486 10.109514 12.615632 7.611245 15.800065 12.168584 9.181530 9.241174 8.796721 8.833872 10.116751 7.032633 12.105188 7.734859 9.912218 9.694347 11.420120 11.381264 13.624066 9.724554 9.740017 9.902627 14.560033 9.475428 8.710551 13.099539 6.382474 11.237374 12.358692 13.454342 7.642161 8.874882 8.042927 9.716110 
0.000000 0.000000 21.720209 3.061411 8.102292 6.416771 9.849085 9.174110 8.362378 7.368512 6.653937 5.774890 6.098549 4.982645 0.511835 7.968439 8.420503 6.013594 5.025601 6.515085 1.878040 3.112970 4.567309 8.562622 6.889553 3.084319 10.470829 5.400020 5.657884 3.998110 5.076832 5.964271 9.369957 7.691972 6.698301 6.610102 7.955085 2.793974 3.818044 1.364078 1.675349 5.125385 2.151711 8.724121 4.248884 2.377201 7.829987 3.202832 6.590399 0.004118 
0.000000 0.000000 0.000000 26.703062 3.714939 6.950402 9.412213 8.488802 10.015750 13.682591 12.233971 5.317874 13.390093 9.862652 5.148391 4.355057 7.018715 11.131883 9.955157 6.927721 3.770461 9.128958 4.260517 7.530430 6.153579 4.697588 4.943819 9.398276 7.215082 9.528380 9.609157 5.064219 9.747270 9.139058 2.776363 3.372916 9.238663 10.119164 5.454365 4.343909 9.923583 5.398966 7.989177 7.628707 10.337408 13.529839 6.752005 5.453690 12.103156 5.058679 
0.000000 0.000000 0.000000 0.000000 23.330002 5.931311 4.053253 0.781029 3.967229 1.886980 6.522269 0.327389 0.995646 5.035935 1.100502 3.114809 3.172537 6.502075 6.483223 8.184923 3.928525 5.175475 1.122720 9.044977 1.622729 3.909190 5.231863 -0.315467 6.288457 0.609880 1.328058 1.712210 6.711612 3.644842 3.337623 4.173273 4.741879 2.129860 8.342195 5.740546 3.417076 6.116858 0.100380 8.066661 2.744128 1.836008 5.199446 2.375515 2.465767 3.722556 
0.000000 0.000000 0.000000 0.000000 0.000000 21.286944 -1.803295 4.390420 3.500546 1.024442 5.160443 3.323331 1.184889 5.590782 4.107278 4.338286 1.476604 1.127968 4.311217 3.836029 3.661231 2.733652 2.682219 3.879430 6.695575 4.058580 4.818756 -0.778810 4.941522 3.596411 7.534512 7.046512 6.450147 4.285645 3.393820 6.808510 2.624262 2.676460 5.530186 0.475319 0.204342 -0.038794 6.243117 -0.799389 0.077979 2.161670 5.918746 4.095318 -1.542254 5.245754 
0.000000 0.000000 0.000000 0.000000 0.000000 0.000000 21.535552 0.775319 3.690451 0.950094 5.393304 4.289633 3.170258 7.825590 6.084016 2.702393 3.483150 9.358474 7.096550 4.654018 1.973573 4.671682 5.610866 -1.343331 -0.452685 2.213496 3.907939 -0.230683 0.862866 -1.647496 7.561755 -0.156959 -0.217255 6.482378 5.135756 2.424226 4.584900 6.639607 4.058666 5.889585 6.386527 2.146450 4.829876 6.102594 3.346382 4.039128 0.405731 4.590861 1.296093 1.837365 
0.000000 0.000000 0.000000 0.000000 0.000000 0.000000 0.000000 21.820703 4.086069 0.328093 3.184827 4.178881 4.896876 0.204291 0.928379 2.318939 2.672245 -0.762613 2.394701 0.385042 3.997119 1.331783 3.095895 2.827045 -1.393912 3.553017 6.517526 0.223542 2.548870 1.647729 -4.390868 4.740613 0.360807 -1.612538 -0.797411 1.420561 3.379335 0.781688 -0.490122 0.214145 -0.544488 2.606671 -2.173459 4.970948 3.948663 -0.914873 1.302173 0.653263 3.293409 -3.511957 
0.000000 0.000000 0.000000 0.000000 0.000000 0.000000 0.000000 0.000000 18.849436 0.520903 -2.349280 -1.113428 3.981618 0.842132 -5.813431 -1.748009 0.002012 -1.902001 -5.117413 -5.884222 0.325958 2.684837 3.561074 0.186015 -0.847344 -4.710165 -2.482696 0.874152 -0.267049 -1.767728 -4.039794 0.560315 -0.348016 -0.150641 -4.559004 0.985648 -0.513472 4.014142 1.752064 3.774767 -5.072698 0.334198 -0.638566 2.508222 3.079860 -5.154645 1.832455 0.384742 -1.531292 3.574607 
0.000000 0.000000 0.000000 0.000000 0.000000 0.000000 0.000000 0.000000 0.000000 17.440085 -0.406771 0.803740 1.332697 2.260967 -2.479417 0.287922 0.030235 1.373606 1.730692 3.904647 1.536903 2.493563 -3.939830 1.434377 1.488352 0.723950 1.049094 0.365069 1.281254 2.611396 1.901972 1.269492 2.555675 -3.009683 -0.106302 2.619372 0.345015 -5.071808 -1.841003 -0.198794 -2.837614 1.304967 3.007618 -4.001397 -0.918450 6.169869 -2.705784 2.774542 5.234782 1.453032 
0.000000 0.000000 0.000000 0.000000 0.000000 0.000000 0.000000 0.000000 0.000000 0.000000 19.867951 -0.934847 1.343524 -1.139698 -0.030161 2.901686 -2.898272 2.606437 -1.129138 0.791980 0.832366 0.029735 1.233944 2.213084 -1.902656 2.222886 -1.514523 0.873403 0.016372 -1.051671 -1.786586 0.017749 -1.883707 -0.657580 4.929816 -3.319305 3.559080 -2.073169 1.698752 2.427486 -0.711606 0.630359 3.373411 -2.633708 3.802026 0.988651 0.572503 -1.384616 0.215266 2.077591 
0.000000 0.000000 0.000000 0.000000 0.000000 0.000000 0.000000 0.000000 0.000000 0.000000 0.000000 19.763542 0.996956 4.247157 5.165743 -1.788409 4.031227 2.409014 0.157932 2.909766 -3.148643 5.797359 3.371261 0.713205 1.835323 -0.363867 4.657667 2.198017 4.328605 -1.154285 5.062231 1.155578 -3.367537 5.549721 3.978845 6.492813 0.468954 7.450478 3.608719 -0.742313 -1.848571 1.972029 3.028604 -1.892092 -0.889601 4.212590 1.812979 -2.464370 2.810450 5.082846 
0.000000 0.000000 0.000000 0.000000 0.000000 0.000000 0.000000 0.000000 0.000000 0.000000 0.000000 0.000000 22.718138 -1.249957 0.128604 5.363690 -0.017826 0.575533 1.594717 -1.000075 0.352727 1.187101 2.008115 0.645327 5.515946 -4.994126 2.858692 -4.164573 3.968396 4.957669 3.475710 6.162742 -0.253651 7.584382 1.526146 4.412694 -2.251765 1.121000 0.498997 2.946240 1.466967 -1.863057 4.041419 -2.937210 -0.039342 3.406305 5.304230 4.058543 1.039907 0.594747 
0.000000 0.000000 0.000000 0.000000 0.000000 0.000000 0.000000 0.000000 0.000000 0.000000 0.000000 0.000000 0.000000 23.455668 7.781236 2.310474 2.248973 2.358184 3.762909 1.199891 1.783736 5.863445 2.492470 1.528547 -3.181442 7.404745 5.528700 0.283233 3.529590 5.063480 -0.132538 5.594438 -2.810752 3.174934 -3.091562 3.733064 3.270119 4.863129 3.660661 1.755037 5.156151 1.590924 4.782234 4.425838 3.529481 7.342463 1.668817 1.755851 1.447874 4.223447 
0.000000 0.000000 0.000000 0.000000 0.000000 0.000000 0.000000 0.000000 0.000000 0.000000 0.000000 0.000000 0.000000 0.000000 21.273812 -2.718495 -0.142984 6.166293 1.007715 -1.156417 0.591063 3.404628 -3.740888 2.222993 -6.231249 9.148360 4.399580 0.297568 4.367194 3.181849 2.934517 3.160701 2.640572 0.293102 -0.708507 -0.251181 -1.250399 3.092710 1.586087 0.612696 5.559304 1.045772 2.974650 2.185233 7.309568 0.778592 4.492152 2.136406 -1.699254 1.486243 
0.000000 0.000000 0.000000 0.000000 0.000000 0.000000 0.000000 0.000000 0.000000 0.000000 0.000000 0.000000 0.000000 0.000000 0.000000 16.466365 5.972044 -0.660176 -4.114408 3.177983 -2.834663 -0.787077 -1.715234 -0.244141 0.444264 -2.378032 -1.444059 -2.612675 -1.877817 0.033516 1.719482 2.924594 -3.772190 0.024404 -2.448774 1.910119 0.836879 5.022891 1.564023 3.850056 -2.493508 -0.076853 0.958220 -0.622286 0.410052 -0.823750 0.421061 0.300554 0.918804 -0.899014 
0.000000 0.000000 0.000000 0.000000 0.000000 0.000000 0.000000 0.000000 0.000000 0.000000 0.000000 0.000000 0.000000 0.000000 0.000000 0.000000 19.051820 -1.760051 -0.668927 -3.996631 3.447567 -1.425202 4.120787 1.390197 -3.790331 0.561301 0.496683 -5.359963 1.983477 3.373946 -6.753521 0.210035 0.815798 -3.779221 3.460484 0.379491 0.152995 0.206998 4.139170 2.051776 -0.592709 4.688973 -0.946001 1.040348 2.320062 -3.160019 4.018977 0.262402 3.537485 -0.988088 
0.000000 0.000000 0.000000 0.000000 0.000000 0.000000 0.000000 0.000000 0.000000 0.000000 0.000000 0.000000 0.000000 0.000000 0.000000 0.000000 0.000000 18.491399 1.473698 2.511100 -0.282472 3.580253 3.223135 5.161241 5.645177 6.773488 1.675800 0.972508 1.148154 0.253823 6.511987 -1.817873 6.864272 5.909268 1.834073 3.436204 3.514814 2.348122 3.167594 -0.982537 3.685478 4.827927 5.388815 2.855962 -0.309114 -2.780917 4.689732 0.051382 3.028679 2.214522 
0.000000 0.000000 0.000000 0.000000 0.000000 0.000000 0.000000 0.000000 0.000000 0.000000 0.000000 0.000000 0.000000 0.000000 0.000000 0.000000 0.000000 0.000000 17.681066 -0.459262 -0.175538 2.500466 -0.631135 4.849973 -2.692767 2.059285 1.542948 -1.826996 -4.218183 -1.864606 2.716256 -1.864302 0.150041 2.961608 0.275136 1.824606 -1.083690 -4.310678 0.544063 0.037054 2.957466 0.596834 0.423753 -2.019030 -6.611811 -1.428990 -0.417888 1.337273 -4.012016 -0.727222 
0.000000 0.000000 0.000000 0.000000 0.000000 0.000000 0.000000 0.000000 0.000000 0.000000 0.000000 0.000000 0.000000 0.000000 0.000000 0.000000 0.000000 0.000000 0.000000 20.657430 -0.944675 0.408437 -1.034055 2.638820 -0.081476 0.160115 2.427723 -0.594980 5.486036 0.106095 1.603602 1.205954 2.813479 3.551841 5.398546 1.602449 2.722063 -3.650036 7.474338 -1.687611 0.070321 4.794834 5.546661 3.621680 0.191639 1.539294 -5.284799 6.226651 -1.092872 1.470175 
0.000000 0.000000 0.000000 0.000000 0.000000 0.000000 0.000000 0.000000 0.000000 0.000000 0.000000 0.000000 0.000000 0.000000 0.000000 0.000000 0.000000 0.000000 0.000000 0.000000 16.837138 -2.669034 3.195073 1.039135 1.864865 -0.513292 1.179701 1.600950 -2.380267 3.257489 1.623413 -0.506940 1.892105 2.515592 5.179057 -1.328774 2.708966 -0.955005 2.450518 -4.322367 1.791587 4.006098 1.255917 -0.690739 2.124520 0.457154 2.110971 2.546273 -0.995747 1.425617 
0.000000 0.000000 0.000000 0.000000 0.000000 0.000000 0.000000 0.000000 0.000000 0.000000 0.000000 0.000000 0.000000 0.000000 0.000000 0.000000 0.000000 0.000000 0.000000 0.000000 0.000000 18.706991 1.742142 1.371659 -0.399272 3.626391 -2.130585 0.086698 -1.554284 1.597171 -0.641347 0.333634 -2.069719 3.681303 -3.667102 3.369762 0.763200 -0.148451 1.746309 3.577959 2.688522 6.686147 1.843338 0.005351 -1.723078 2.458043 1.960151 -4.657164 -1.484729 4.194403 
0.000000 0.000000 0.000000 0.000000 0.000000 0.000000 0.000000 0.000000 0.000000 0.000000 0.000000 0.000000 0.000000 0.000000 0.000000 0.000000 0.000000 0.000000 0.000000 0.000000 0.000000 0.000000 16.666841 -2.922753 3.237643 4.641486 -1.135287 -1.129773 -2.079353 0.924179 -1.298287 -3.103925 -0.995961 0.071545 2.407360 1.616922 4.610031 2.816761 3.627488 -1.270313 0.509040 -1.850892 -3.066123 -0.414923 4.141511 -0.638796 -1.891232 3.418605 1.009828 2.998437 
0.000000 0.000000 0.000000 0.000000 0.000000 0.000000 0.000000 0.000000 0.000000 0.000000 0.000000 0.000000 0.000000 0.000000 0.000000 0.000000 0.000000 0.000000 0.000000 0.000000 0.000000 0.000000 0.000000 17.948247 -0.640006 1.185007 1.608010 0.899766 -2.533739 0.913694 -2.744920 -1.682528 -2.683433 -0.877062 1.336304 -0.506972 1.081761 2.425097 -4.958157 -5.811720 -2.098578 2.051801 -1.069668 -3.148730 -2.048113 -2.565139 2.231684 -2.903877 1.284297 -3.444256 
0.000000 0.000000 0.000000 0.000000 0.000000 0.000000 0.000000 0.000000 0.000000 0.000000 0.000000 0.000000 0.000000 0.000000 0.000000 0.000000 0.000000 0.000000 0.000000 0.000000 0.000000 0.000000 0.000000 0.000000 17.384425 -0.802994 -1.307928 -0.046733 2.149988 4.405725 3.002521 -4.011179 -2.297371 5.818422 -2.653616 3.898401 1.606017 -1.215352 -4.108583 2.892148 -0.223533 -1.678139 0.254606 -5.245201 -4.611741 -0.443090 1.232408 1.536659 -1.968528 -2.742779 
0.000000 0.000000 0.000000 0.000000 0.000000 0.000000 0.000000 0.000000 0.000000 0.000000 0.000000 0.000000 0.000000 0.000000 0.000000 0.000000 0.000000 0.000000 0.000000 0.000000 0.000000 0.000000 0.000000 0.000000 0.000000 15.594331 0.875406 1.361480 2.709350 -0.499537 -0.167076 -3.072246 1.430644 -2.800123 3.224549 1.356129 3.164832 -1.432887 0.001007 0.369611 0.827637 -1.068540 0.164106 2.953421 2.797690 0.600654 1.275973 2.927315 -0.314984 1.094052 
0.000000 0.000000 0.000000 0.000000 0.000000 0.000000 0.000000 0.000000 0.000000 0.000000 0.000000 0.000000 0.000000 0.000000 0.000000 0.000000 0.000000 0.000000 0.000000 0.000000 0.000000 0.000000 0.000000 0.000000 0.000000 0.000000 18.691085 1.633624 2.755633 -1.854080 1.151980 1.820168 -1.034877 -3.316410 -2.737825 4.809879 -5.533759 3.791046 -3.354753 2.564912 1.366940 6.775709 -2.806758 1.715918 3.028225 -2.864154 -1.278440 3.980164 0.265919 -0.243997 
0.000000 0.000000 0.000000 0.000000 0.000000 0.000000 0.000000 0.000000 0.000000 0.000000 0.000000 0.000000 0.000000 0.000000 0.000000 0.000000 0.000000 0.000000 0.000000 0.000000 0.000000 0.000000 0.000000 0.000000 0.000000 0.000000 0.000000 15.292050 2.420289 -3.914364 -1.067470 3.324872 -0.365109 2.900051 -0.682942 1.710693 1.596337 1.656106 -1.176216 2.517099 1.575900 -1.481006 -1.056799 -1.073004 0.104737 0.207207 -4.447038 -0.862247 -0.808440 -1.405304 
0.000000 0.000000 0.000000 0.000000 0.000000 0.000000 0.000000 0.000000 0.000000 0.000000 0.000000 0.000000 0.000000 0.000000 0.000000 0.000000 0.000000 0.000000 0.000000 0.000000 0.000000 0.000000 0.000000 0.000000 0.000000 0.000000 0.000000 0.000000 17.583422 4.015336 -1.186476 1.758267 1.965803 0.022937 1.948047 2.439198 -0.456609 1.725267 3.175637 -3.175841 -1.487699 1.444419 5.951915 1.121808 1.345218 4.334848 1.145957 6.492421 3.075983 1.801809 
0.000000 0.000000 0.000000 0.000000 0.000000 0.000000 0.000000 0.000000 0.000000 0.000000 0.000000 0.000000 0.000000 0.000000 0.000000 0.000000 0.000000 0.000000 0.000000 0.000000 0.000000 0.000000 0.000000 0.000000 0.000000 0.000000 0.000000 0.000000 0.000000 16.287635 3.394596 2.808038 0.023820 -2.592358 -0.574443 2.382073 1.076666 1.632032 -1.645941 -3.290638 0.808967 -2.435938 2.937243 -1.946821 -1.842629 6.306549 3.453855 1.898939 -2.716035 -0.790204 
0.000000 0.000000 0.000000 0.000000 0.000000 0.000000 0.000000 0.000000 0.000000 0.000000 0.000000 0.000000 0.000000 0.000000 0.000000 0.000000 0.000000 0.000000 0.000000 0.000000 0.000000 0.000000 0.000000 0.000000 0.000000 0.000000 0.000000 0.000000 0.000000 0.000000 14.555568 -0.123570 -3.964940 3.323723 0.521575 3.616763 -1.821377 -0.643550 -0.613744 0.586102 1.134290 0.340786 2.274010 -1.644042 0.829931 0.552348 -1.538154 -0.039440 -5.598085 6.106725 
0.000000 0.000000 0.000000 0.000000 0.000000 0.000000 0.000000 0.000000 0.000000 0.000000 0.000000 0.000000 0.000000 0.000000 0.000000 0.000000 0.000000 0.000000 0.000000 0.000000 0.000000 0.000000 0.000000 0.000000 0.000000 0.000000 0.000000 0.000000 0.000000 0.000000 0.000000 19.591356 -0.116122 1.281131 0.389598 1.634707 2.106654 1.163046 -2.415348 1.386348 4.948403 4.056756 -2.245990 -0.980795 0.019736 -0.232118 2.516870 1.011828 -2.156153 -1.965567 
0.000000 0.000000 0.000000 0.000000 0.000000 0.000000 0.000000 0.000000 0.000000 0.000000 0.000000 0.000000 0.000000 0.000000 0.000000 0.000000 0.000000 0.000000 0.000000 0.000000 0.000000 0.000000 0.000000 0.000000 0.000000 0.000000 0.000000 0.000000 0.000000 0.000000 0.000000 0.000000 16.991958 -2.172361 5.108231 -1.308058 3.405091 2.676108 -2.789989 -1.095956 3.961804 0.497958 4.243855 5.792530 -0.208537 0.801924 -2.792272 -2.253705 3.457994 1.943709 
0.000000 0.000000 0.000000 0.000000 0.000000 0.000000 0.000000 0.000000 0.000000 0.000000 0.000000 0.000000 0.000000 0.000000 0.000000 0.000000 0.000000 0.000000 0.000000 0.000000 0.000000 0.000000 0.000000 0.000000 0.000000 0.000000 0.000000 0.000000 0.000000 0.000000 0.000000 0.000000 0.000000 16.616290 1.427760 2.185259 -1.253859 -1.594423 -1.642576 -1.884586 -0.817992 1.637923 1.306471 -2.288505 -0.517007 -1.937894 -2.867165 -3.272085 3.827978 -1.446356 
0.000000 0.000000 0.000000 0.000000 0.000000 0.000000 0.000000 0.000000 0.000000 0.000000 0.000000 0.000000 0.000000 0.000000 0.000000 0.000000 0.000000 0.000000 0.000000 0.000000 0.000000 0.000000 0.000000 0.000000 0.000000 0.000000 0.000000 0.000000 0.000000 0.000000 0.000000 0.000000 0.000000 0.000000 14.803383 2.104143 0.351129 -2.095706 -2.840894 -0.728776 -1.502733 3.558076 1.998956 -2.141023 0.332667 3.502696 0.452749 -0.320568 2.067083 2.284276 
0.000000 0.000000 0.000000 0.000000 0.000000 0.000000 0.000000 0.000000 0.000000 0.000000 0.000000 0.000000 0.000000 0.000000 0.000000 0.000000 0.000000 0.000000 0.000000 0.000000 0.000000 0.000000 0.000000 0.000000 0.000000 0.000000 0.000000 0.000000 0.000000 0.000000 0.000000 0.000000 0.000000 0.000000 0.000000 13.962232 -5.064515 -0.760678 0.362833 2.662620 1.963125 1.784471 1.864867 -0.262280 -2.936888 1.607046 -1.825548 1.808773 -0.660031 2.036367 
0.000000 0.000000 0.000000 0.000000 0.000000 0.000000 0.000000 0.000000 0.000000 0.000000 0.000000 0.000000 0.000000 0.000000 0.000000 0.000000 0.000000 0.000000 0.000000 0.000000 0.000000 0.000000 0.000000 0.000000 0.000000 0.000000 0.000000 0.000000 0.000000 0.000000 0.000000 0.000000 0.000000 0.000000 0.000000 0.000000 14.539783 -0.268855 -3.099919 -1.327517 2.671186 -1.680359 -2.306209 3.325958 -0.902916 -3.831068 -0.872238 -1.665475 1.106895 -1.525301 
0.000000 0.000000 0.000000 0.000000 0.000000 0.000000 0.000000 0.000000 0.000000 0.000000 0.000000 0.000000 0.000000 0.000000 0.000000 0.000000 0.000000 0.000000 0.000000 0.000000 0.000000 0.000000 0.000000 0.000000 0.000000 0.000000 0.000000 0.000000 0.000000 0.000000 0.000000 0.000000 0.000000 0.000000 0.000000 0.000000 0.000000 13.632825 1.738814 -1.900064 -0.591091 -0.746866 1.601492 0.259829 2.275110 -0.191427 0.016683 -0.758742 2.188626 1.141104 
0.000000 0.000000 0.000000 0.000000 0.000000 0.000000 0.000000 0.000000 0.000000 0.000000 0.000000 0.000000 0.000000 0.000000 0.000000 0.000000 0.000000 0.000000 0.000000 0.000000 0.000000 0.000000 0.000000 0.000000 0.000000 0.000000 0.000000 0.000000 0.000000 0.000000 0.000000 0.000000 0.000000 0.000000 0.000000 0.000000 0.000000 0.000000 16.798353 -1.527240 -2.464598 1.756005 0.882781 2.163048 0.825179 1.547479 2.209690 0.410527 1.017838 1.297649 
0.000000 0.000000 0.000000 0.000000 0.000000 0.000000 0.000000 0.000000 0.000000 0.000000 0.000000 0.000000 0.000000 0.000000 0.000000 0.000000 0.000000 0.000000 0.000000 0.000000 0.000000 0.000000 0.000000 0.000000 0.000000 0.000000 0.000000 0.000000 0.000000 0.000000 0.000000 0.000000 0.000000 0.000000 0.000000 0.000000 0.000000 0.000000 0.000000 15.037437 3.661604 2.069835 -0.549912 -1.399852 0.913334 -0.984406 1.403075 -2.430952 -4.564574 1.792996 
0.000000 0.000000 0.000000 0.000000 0.000000 0.000000 0.000000 0.000000 0.000000 0.000000 0.000000 0.000000 0.000000 0.000000 0.000000 0.000000 0.000000 0.000000 0.000000 0.000000 0.000000 0.000000 0.000000 0.000000 0.000000 0.000000 0.000000 0.000000 0.000000 0.000000 0.000000 0.000000 0.000000 0.000000 0.000000 0.000000 0.000000 0.000000 0.000000 0.000000 11.962734 1.095816 -3.839664 5.010130 -0.244880 0.047388 0.551706 0.278106 -2.534030 0.325547 
0.000000 0.000000 0.000000 0.000000 0.000000 0.000000 0.000000 0.000000 0.000000 0.000000 0.000000 0.000000 0.000000 0.000000 0.000000 0.000000 0.000000 0.000000 0.000000 0.000000 0.000000 0.000000 0.000000 0.000000 0.000000 0.000000 0.000000 0.000000 0.000000 0.000000 0.000000 0.000000 0.000000 0.000000 0.000000 0.000000 0.000000 0.000000 0.000000 0.000000 0.000000 14.454238 -2.999096 -3.103746 -1.879487 -1.860960 -3.532216 2.970625 1.331905 0.154780 
0.000000 0.000000 0.000000 0.000000 0.000000 0.000000 0.000000 0.000000 0.000000 0.000000 0.000000 0.000000 0.000000 0.000000 0.000000 0.000000 0.000000 0.000000 0.000000 0.000000 0.000000 0.000000 0.000000 0.000000 0.000000 0.000000 0.000000 0.000000 0.000000 0.000000 0.000000 0.000000 0.000000 0.000000 0.000000 0.000000 0.000000 0.000000 0.000000 0.000000 0.000000 0.000000 15.207231 -1.389463 -0.077318 -0.041651 1.426403 -1.332525 2.730961 -0.694692 
0.000000 0.000000 0.000000 0.000000 0.000000 0.000000 0.000000 0.000000 0.000000 0.000000 0.000000 0.000000 0.000000 0.000000 0.000000 0.000000 0.000000 0.000000 0.000000 0.000000 0.000000 0.000000 0.000000 0.000000 0.000000 0.000000 0.000000 0.000000 0.000000 0.000000 0.000000 0.000000 0.000000 0.000000 0.000000 0.000000 0.000000 0.000000 0.000000 0.000000 0.000000 0.000000 0.000000 14.158579 4.091567 3.721315 0.788353 -5.246958 1.962316 -0.719336 
0.000000 0.000000 0.000000 0.000000 0.000000 0.000000 0.000000 0.000000 0.000000 0.000000 0.000000 0.000000 0.000000 0.000000 0.000000 0.000000 0.000000 0.000000 0.000000 0.000000 0.000000 0.000000 0.000000 0.000000 0.000000 0.000000 0.000000 0.000000 0.000000 0.000000 0.000000 0.000000 0.000000 0.000000 0.000000 0.000000 0.000000 0.000000 0.000000 0.000000 0.000000 0.000000 0.000000 0.000000 13.840860 2.441473 -1.956115 0.380982 2.312914 3.852613 
0.000000 0.000000 0.000000 0.000000 0.000000 0.000000 0.000000 0.000000 0.000000 0.000000 0.000000 0.000000 0.000000 0.000000 0.000000 0.000000 0.000000 0.000000 0.000000 0.000000 0.000000 0.000000 0.000000 0.000000 0.000000 0.000000 0.000000 0.000000 0.000000 0.000000 0.000000 0.000000 0.000000 0.000000 0.000000 0.000000 0.000000 0.000000 0.000000 0.000000 0.000000 0.000000 0.000000 0.000000 0.000000 12.906429 1.347422 -2.557120 -1.659637 -0.365273 
0.000000 0.000000 0.000000 0.000000 0.000000 0.000000 0.000000 0.000000 0.000000 0.000000 0.000000 0.000000 0.000000 0.000000 0.000000 0.000000 0.000000 0.000000 0.000000 0.000000 0.000000 0.000000 0.000000 0.000000 0.000000 0.000000 0.000000 0.000000 0.000000 0.000000 0.000000 0.000000 0.000000 0.000000 0.000000 0.000000 0.000000 0.000000 0.000000 0.000000 0.000000 0.000000 0.000000 0.000000 0.000000 0.000000 15.939280 0.039929 -1.538963 -0.739317 
0.000000 0.000000 0.000000 0.000000 0.000000 0.000000 0.000000 0.000000 0.000000 0.000000 0.000000 0.000000 0.000000 0.000000 0.000000 0.000000 0.000000 0.000000 0.000000 0.000000 0.000000 0.000000 0.000000 0.000000 0.000000 0.000000 0.000000 0.000000 0.000000 0.000000 0.000000 0.000000 0.000000 0.000000 0.000000 0.000000 0.000000 0.000000 0.000000 0.000000 0.000000 0.000000 0.000000 0.000000 0.000000 0.000000 0.000000 14.732190 -1.828673 -1.604116 
0.000000 0.000000 0.000000 0.000000 0.000000 0.000000 0.000000 0.000000 0.000000 0.000000 0.000000 0.000000 0.000000 0.000000 0.000000 0.000000 0.000000 0.000000 0.000000 0.000000 0.000000 0.000000 0.000000 0.000000 0.000000 0.000000 0.000000 0.000000 0.000000 0.000000 0.000000 0.000000 0.000000 0.000000 0.000000 0.000000 0.000000 0.000000 0.000000 0.000000 0.000000 0.000000 0.000000 0.000000 0.000000 0.000000 0.000000 0.000000 13.818215 -2.513952 
0.000000 0.000000 0.000000 0.000000 0.000000 0.000000 0.000000 0.000000 0.000000 0.000000 0.000000 0.000000 0.000000 0.000000 0.000000 0.000000 0.000000 0.000000 0.000000 0.000000 0.000000 0.000000 0.000000 0.000000 0.000000 0.000000 0.000000 0.000000 0.000000 0.000000 0.000000 0.000000 0.000000 0.000000 0.000000 0.000000 0.000000 0.000000 0.000000 0.000000 0.000000 0.000000 0.000000 0.000000 0.000000 0.000000 0.000000 0.000000 0.000000 13.296619 
