44.911847 0.000000 0.000000 0.000000 0.000000 0.000000 0.000000 0.000000 0.000000 0.000000 0.000000 0.000000 0.000000 0.000000 0.000000 0.000000 0.000000 0.000000 0.000000 0.000000 0.000000 0.000000 0.000000 0.000000 0.000000 0.000000 0.000000 0.000000 0.000000 0.000000 0.000000 0.000000 0.000000 0.000000 0.000000 0.000000 0.000000 0.000000 0.000000 0.000000 0.000000 0.000000 0.000000 0.000000 0.000000 0.000000 0.000000 0.000000 0.000000 0.000000 
28.124740 29.101930 0.000000 0.000000 0.000000 0.000000 0.000000 0.000000 0.000000 0.000000 0.000000 0.000000 0.000000 0.000000 0.000000 0.000000 0.000000 0.000000 0.000000 0.000000 0.000000 0.000000 0.000000 0.000000 0.000000 0.000000 0.000000 0.000000 0.000000 0.000000 0.000000 0.000000 0.000000 0.000000 0.000000 0.000000 0.000000 0.000000 0.000000 0.000000 0.000000 0.000000 0.000000 0.000000 0.000000 0.000000 0.000000 0.000000 0.000000 0.000000 
38.660363 10.067898 21.720209 0.000000 0.000000 0.000000 0.000000 0.000000 0.000000 0.000000 0.000000 0.000000 0.000000 0.000000 0.000000 0.000000 0.000000 0.000000 0.000000 0.000000 0.000000 0.000000 0.000000 0.000000 0.000000 0.000000 0.000000 0.000000 0.000000 0.000000 0.000000 0.000000 0.000000 0.000000 0.000000 0.000000 0.000000 0.000000 0.000000 0.000000 0.000000 0.000000 0.000000 0.000000 0.000000 0.000000 0.000000 0.000000 0.000000 0.000000 
32.882181 8.563979 3.061411 26.703062 0.000000 0.000000 0.000000 0.000000 0.000000 0.000000 0.000000 0.000000 0.000000 0.000000 0.000000 0.000000 0.000000 0.000000 0.000000 0.000000 0.000000 0.000000 0.000000 0.000000 0.000000 0.000000 0.000000 0.000000 0.000000 0.000000 0.000000 0.000000 0.000000 0.000000 0.000000 0.000000 0.000000 0.000000 0.000000 0.000000 0.000000 0.000000 0.000000 0.000000 0.000000 0.000000 0.000000 0.000000 0.000000 0.000000 
28.442270 9.452947 8.102292 3.714939 23.330002 0.000000 0.000000 0.000000 0.000000 0.000000 0.000000 0.000000 0.000000 0.000000 0.000000 0.000000 0.000000 0.000000 0.000000 0.000000 0.000000 0.000000 0.000000 0.000000 0.000000 0.000000 0.000000 0.000000 0.000000 0.000000 0.000000 0.000000 0.000000 0.000000 0.000000 0.000000 0.000000 0.000000 0.000000 0.000000 0.000000 0.000000 0.000000 0.000000 0.000000 0.000000 0.000000 0.000000 0.000000 0.000000 
31.324529 9.746233 6.416771 6.950402 5.931311 21.286944 0.000000 0.000000 0.000000 0.000000 0.000000 0.000000 0.000000 0.000000 0.000000 0.000000 0.000000 0.000000 0.000000 0.000000 0.000000 0.000000 0.000000 0.000000 0.000000 0.000000 0.000000 0.000000 0.000000 0.000000 0.000000 0.000000 0.000000 0.000000 0.000000 0.000000 0.000000 0.000000 0.000000 0.000000 0.000000 0.000000 0.000000 0.000000 0.000000 0.000000 0.000000 0.000000 0.000000 0.000000 
28.896037 8.675563 9.849085 9.412213 4.053253 -1.803295 21.535552 0.000000 0.000000 0.000000 0.000000 0.000000 0.000000 0.000000 0.000000 0.000000 0.000000 0.000000 0.000000 0.000000 0.000000 0.000000 0.000000 0.000000 0.000000 0.000000 0.000000 0.000000 0.000000 0.000000 0.000000 0.000000 0.000000 0.000000 0.000000 0.000000 0.000000 0.000000 0.000000 0.000000 0.000000 0.000000 0.000000 0.000000 0.000000 0.000000 0.000000 0.000000 0.000000 0.000000 
28.375488 9.908576 9.174110 8.488802 0.781029 4.390420 0.775319 21.820703 0.000000 0.000000 0.000000 0.000000 0.000000 0.000000 0.000000 0.000000 0.000000 0.000000 0.000000 0.000000 0.000000 0.000000 0.000000 0.000000 0.000000 0.000000 0.000000 0.000000 0.000000 0.000000 0.000000 0.000000 0.000000 0.000000 0.000000 0.000000 0.000000 0.000000 0.000000 0.000000 0.000000 0.000000 0.000000 0.000000 0.000000 0.000000 0.000000 0.000000 0.000000 0.000000 
28.391284 9.860545 8.362378 10.015750 3.967229 3.500546 3.690451 4.086069 18.849436 0.000000 0.000000 0.000000 0.000000 0.000000 0.000000 0.000000 0.000000 0.000000 0.000000 0.000000 0.000000 0.000000 0.000000 0.000000 0.000000 0.000000 0.000000 0.000000 0.000000 0.000000 0.000000 0.000000 0.000000 0.000000 0.000000 0.000000 0.000000 0.000000 0.000000 0.000000 0.000000 0.000000 0.000000 0.000000 0.000000 0.000000 0.000000 0.000000 0.000000 0.000000 
30.220676 15.581889 7.368512 13.682591 1.886980 1.024442 0.950094 0.328093 0.520903 17.440085 0.000000 0.000000 0.000000 0.000000 0.000000 0.000000 0.000000 0.000000 0.000000 0.000000 0.000000 0.000000 0.000000 0.000000 0.000000 0.000000 0.000000 0.000000 0.000000 0.000000 0.000000 0.000000 0.000000 0.000000 0.000000 0.000000 0.000000 0.000000 0.000000 0.000000 0.000000 0.000000 0.000000 0.000000 0.000000 0.000000 0.000000 0.000000 0.000000 0.000000 
28.643999 9.760799 6.653937 12.233971 6.522269 5.160443 5.393304 3.184827 -2.349280 -0.406771 19.867951 0.000000 0.000000 0.000000 0.000000 0.000000 0.000000 0.000000 0.000000 0.000000 0.000000 0.000000 0.000000 0.000000 0.000000 0.000000 0.000000 0.000000 0.000000 0.000000 0.000000 0.000000 0.000000 0.000000 0.000000 0.000000 0.000000 0.000000 0.000000 0.000000 0.000000 0.000000 0.000000 0.000000 0.000000 0.000000 0.000000 0.000000 0.000000 0.000000 
28.917662 15.337792 5.774890 5.317874 0.327389 3.323331 4.289633 4.178881 -1.113428 0.803740 -0.934847 19.763542 0.000000 0.000000 0.000000 0.000000 0.000000 0.000000 0.000000 0.000000 0.000000 0.000000 0.000000 0.000000 0.000000 0.000000 0.000000 0.000000 0.000000 0.000000 0.000000 0.000000 0.000000 0.000000 0.000000 0.000000 0.000000 0.000000 0.000000 0.000000 0.000000 0.000000 0.000000 0.000000 0.000000 0.000000 0.000000 0.000000 0.000000 0.000000 
31.916492 9.093433 6.098549 13.390093 0.995646 1.184889 3.170258 4.896876 3.981618 1.332697 1.343524 0.996956 22.718138 0.000000 0.000000 0.000000 0.000000 0.000000 0.000000 0.000000 0.000000 0.000000 0.000000 0.000000 0.000000 0.000000 0.000000 0.000000 0.000000 0.000000 0.000000 0.000000 0.000000 0.000000 0.000000 0.000000 0.000000 0.000000 0.000000 0.000000 0.000000 0.000000 0.000000 0.000000 0.000000 0.000000 0.000000 0.000000 0.000000 0.000000 
34.124075 13.438445 4.982645 9.862652 5.035935 5.590782 7.825590 0.204291 0.842132 2.260967 -1.139698 4.247157 -1.249957 23.455668 0.000000 0.000000 0.000000 0.000000 0.000000 0.000000 0.000000 0.000000 0.000000 0.000000 0.000000 0.000000 0.000000 0.000000 0.000000 0.000000 0.000000 0.000000 0.000000 0.000000 0.000000 0.000000 0.000000 0.000000 0.000000 0.000000 0.000000 0.000000 0.000000 0.000000 0.000000 0.000000 0.000000 0.000000 0.000000 0.000000 
31.694207 9.162230 0.511835 5.148391 1.100502 4.107278 6.084016 0.928379 -5.813431 -2.479417 -0.030161 5.165743 0.128604 7.781236 21.273812 0.000000 0.000000 0.000000 0.000000 0.000000 0.000000 0.000000 0.000000 0.000000 0.000000 0.000000 0.000000 0.000000 0.000000 0.000000 0.000000 0.000000 0.000000 0.000000 0.000000 0.000000 0.000000 0.000000 0.000000 0.000000 0.000000 0.000000 0.000000 0.000000 0.000000 0.000000 0.000000 0.000000 0.000000 0.000000 
26.385734 11.841870 7.968439 4.355057 3.114809 4.338286 2.702393 2.318939 -1.748009 0.287922 2.901686 -1.788409 5.363690 2.310474 -2.718495 16.466365 0.000000 0.000000 0.000000 0.000000 0.000000 0.000000 0.000000 0.000000 0.000000 0.000000 0.000000 0.000000 0.000000 0.000000 0.000000 0.000000 0.000000 0.000000 0.000000 0.000000 0.000000 0.000000 0.000000 0.000000 0.000000 0.000000 0.000000 0.000000 0.000000 0.000000 0.000000 0.000000 0.000000 0.000000 
24.786033 9.003486 8.420503 7.018715 3.172537 1.476604 3.483150 2.672245 0.002012 0.030235 -2.898272 4.031227 -0.017826 2.248973 -0.142984 5.972044 19.051820 0.000000 0.000000 0.000000 0.000000 0.000000 0.000000 0.000000 0.000000 0.000000 0.000000 0.000000 0.000000 0.000000 0.000000 0.000000 0.000000 0.000000 0.000000 0.000000 0.000000 0.000000 0.000000 0.000000 0.000000 0.000000 0.000000 0.000000 0.000000 0.000000 0.000000 0.000000 0.000000 0.000000 
26.960377 10.109514 6.013594 11.131883 6.502075 1.127968 9.358474 -0.762613 -1.902001 1.373606 2.606437 2.409014 0.575533 2.358184 6.166293 -0.660176 -1.760051 18.491399 0.000000 0.000000 0.000000 0.000000 0.000000 0.000000 0.000000 0.000000 0.000000 0.000000 0.000000 0.000000 0.000000 0.000000 0.000000 0.000000 0.000000 0.000000 0.000000 0.000000 0.000000 0.000000 0.000000 0.000000 0.000000 0.000000 0.000000 0.000000 0.000000 0.000000 0.000000 0.000000 
30.897747 12.615632 5.025601 9.955157 6.483223 4.311217 7.096550 2.394701 -5.117413 1.730692 -1.129138 0.157932 1.594717 3.762909 1.007715 -4.114408 -0.668927 1.473698 17.681066 0.000000 0.000000 0.000000 0.000000 0.000000 0.000000 0.000000 0.000000 0.000000 0.000000 0.000000 0.000000 0.000000 0.000000 0.000000 0.000000 0.000000 0.000000 0.000000 0.000000 0.000000 0.000000 0.000000 0.000000 0.000000 0.000000 0.000000 0.000000 0.000000 0.000000 0.000000 
31.497869 7.611245 6.515085 6.927721 8.184923 3.836029 4.654018 0.385042 -5.884222 3.904647 0.791980 2.909766 -1.000075 1.199891 -1.156417 3.177983 -3.996631 2.511100 -0.459262 20.657430 0.000000 0.000000 0.000000 0.000000 0.000000 0.000000 0.000000 0.000000 0.000000 0.000000 0.000000 0.000000 0.000000 0.000000 0.000000 0.000000 0.000000 0.000000 0.000000 0.000000 0.000000 0.000000 0.000000 0.000000 0.000000 0.000000 0.000000 0.000000 0.000000 0.000000 
33.530115 15.800065 1.878040 3.770461 3.928525 3.661231 1.973573 3.997119 0.325958 1.536903 0.832366 -3.148643 0.352727 1.783736 0.591063 -2.834663 3.447567 -0.282472 -0.175538 -0.944675 16.837138 0.000000 0.000000 0.000000 0.000000 0.000000 0.000000 0.000000 0.000000 0.000000 0.000000 0.000000 0.000000 0.000000 0.000000 0.000000 0.000000 0.000000 0.000000 0.000000 0.000000 0.000000 0.000000 0.000000 0.000000 0.000000 0.000000 0.000000 0.000000 0.000000 
35.969694 12.168584 3.112970 9.128958 5.175475 2.733652 4.671682 1.331783 2.684837 2.493563 0.029735 5.797359 1.187101 5.863445 3.404628 -0.787077 -1.425202 3.580253 2.500466 0.408437 -2.669034 18.706991 0.000000 0.000000 0.000000 0.000000 0.000000 0.000000 0.000000 0.000000 0.000000 0.000000 0.000000 0.000000 0.000000 0.000000 0.000000 0.000000 0.000000 0.000000 0.000000 0.000000 0.000000 0.000000 0.000000 0.000000 0.000000 0.000000 0.000000 0.000000 
24.717194 9.181530 4.567309 4.260517 1.122720 2.682219 5.610866 3.095895 3.561074 -3.939830 1.233944 3.371261 2.008115 2.492470 -3.740888 -1.715234 4.120787 3.223135 -0.631135 -1.034055 3.195073 1.742142 16.666841 0.000000 0.000000 0.000000 0.000000 0.000000 0.000000 0.000000 0.000000 0.000000 0.000000 0.000000 0.000000 0.000000 0.000000 0.000000 0.000000 0.000000 0.000000 0.000000 0.000000 0.000000 0.000000 0.000000 0.000000 0.000000 0.000000 0.000000 
35.374947 9.241174 8.562622 7.530430 9.044977 3.879430 -1.343331 2.827045 0.186015 1.434377 2.213084 0.713205 0.645327 1.528547 2.222993 -0.244141 1.390197 5.161241 4.849973 2.638820 1.039135 1.371659 -2.922753 17.948247 0.000000 0.000000 0.000000 0.000000 0.000000 0.000000 0.000000 0.000000 0.000000 0.000000 0.000000 0.000000 0.000000 0.000000 0.000000 0.000000 0.000000 0.000000 0.000000 0.000000 0.000000 0.000000 0.000000 0.000000 0.000000 0.000000 
30.714983 8.796721 6.889553 6.153579 1.622729 6.695575 -0.452685 -1.393912 -0.847344 1.488352 -1.902656 1.835323 5.515946 -3.181442 -6.231249 0.444264 -3.790331 5.645177 -2.692767 -0.081476 1.864865 -0.399272 3.237643 -0.640006 17.384425 0.000000 0.000000 0.000000 0.000000 0.000000 0.000000 0.000000 0.000000 0.000000 0.000000 0.000000 0.000000 0.000000 0.000000 0.000000 0.000000 0.000000 0.000000 0.000000 0.000000 0.000000 0.000000 0.000000 0.000000 0.000000 
30.521295 8.833872 3.084319 4.697588 3.909190 4.058580 2.213496 3.553017 -4.710165 0.723950 2.222886 -0.363867 -4.994126 7.404745 9.148360 -2.378032 0.561301 6.773488 2.059285 0.160115 -0.513292 3.626391 4.641486 1.185007 -0.802994 15.594331 0.000000 0.000000 0.000000 0.000000 0.000000 0.000000 0.000000 0.000000 0.000000 0.000000 0.000000 0.000000 0.000000 0.000000 0.000000 0.000000 0.000000 0.000000 0.000000 0.000000 0.000000 0.000000 0.000000 0.000000 
31.484134 10.116751 10.470829 4.943819 5.231863 4.818756 3.907939 6.517526 -2.482696 1.049094 -1.514523 4.657667 2.858692 5.528700 4.399580 -1.444059 0.496683 1.675800 1.542948 2.427723 1.179701 -2.130585 -1.135287 1.608010 -1.307928 0.875406 18.691085 0.000000 0.000000 0.000000 0.000000 0.000000 0.000000 0.000000 0.000000 0.000000 0.000000 0.000000 0.000000 0.000000 0.000000 0.000000 0.000000 0.000000 0.000000 0.000000 0.000000 0.000000 0.000000 0.000000 
29.559560 7.032633 5.400020 9.398276 -0.315467 -0.778810 -0.230683 0.223542 0.874152 0.365069 0.873403 2.198017 -4.164573 0.283233 0.297568 -2.612675 -5.359963 0.972508 -1.826996 -0.594980 1.600950 0.086698 -1.129773 0.899766 -0.046733 1.361480 1.633624 15.292050 0.000000 0.000000 0.000000 0.000000 0.000000 0.000000 0.000000 0.000000 0.000000 0.000000 0.000000 0.000000 0.000000 0.000000 0.000000 0.000000 0.000000 0.000000 0.000000 0.000000 0.000000 0.000000 
30.674530 12.105188 5.657884 7.215082 6.288457 4.941522 0.862866 2.548870 -0.267049 1.281254 0.016372 4.328605 3.968396 3.529590 4.367194 -1.877817 1.983477 1.148154 -4.218183 5.486036 -2.380267 -1.554284 -2.079353 -2.533739 2.149988 2.709350 2.755633 2.420289 17.583422 0.000000 0.000000 0.000000 0.000000 0.000000 0.000000 0.000000 0.000000 0.000000 0.000000 0.000000 0.000000 0.000000 0.000000 0.000000 0.000000 0.000000 0.000000 0.000000 0.000000 0.000000 
31.679389 7.734859 3.998110 9.528380 0.609880 3.596411 -1.647496 1.647729 -1.767728 2.611396 -1.051671 -1.154285 4.957669 5.063480 3.181849 0.033516 3.373946 0.253823 -1.864606 0.106095 3.257489 1.597171 0.924179 0.913694 4.405725 -0.499537 -1.854080 -3.914364 4.015336 16.287635 0.000000 0.000000 0.000000 0.000000 0.000000 0.000000 0.000000 0.000000 0.000000 0.000000 0.000000 0.000000 0.000000 0.000000 0.000000 0.000000 0.000000 0.000000 0.000000 0.000000 
33.154074 9.912218 5.076832 9.609157 1.328058 7.534512 7.561755 -4.390868 -4.039794 1.901972 -1.786586 5.062231 3.475710 -0.132538 2.934517 1.719482 -6.753521 6.511987 2.716256 1.603602 1.623413 -0.641347 -1.298287 -2.744920 3.002521 -0.167076 1.151980 -1.067470 -1.186476 3.394596 14.555568 0.000000 0.000000 0.000000 0.000000 0.000000 0.000000 0.000000 0.000000 0.000000 0.000000 0.000000 0.000000 0.000000 0.000000 0.000000 0.000000 0.000000 0.000000 0.000000 
34.472853 9.694347 5.964271 5.064219 1.712210 7.046512 -0.156959 4.740613 0.560315 1.269492 0.017749 1.155578 6.162742 5.594438 3.160701 2.924594 0.210035 -1.817873 -1.864302 1.205954 -0.506940 0.333634 -3.103925 -1.682528 -4.011179 -3.072246 1.820168 3.324872 1.758267 2.808038 -0.123570 19.591356 0.000000 0.000000 0.000000 0.000000 0.000000 0.000000 0.000000 0.000000 0.000000 0.000000 0.000000 0.000000 0.000000 0.000000 0.000000 0.000000 0.000000 0.000000 
33.406370 11.420120 9.369957 9.747270 6.711612 6.450147 -0.217255 0.360807 -0.348016 2.555675 -1.883707 -3.367537 -0.253651 -2.810752 2.640572 -3.772190 0.815798 6.864272 0.150041 2.813479 1.892105 -2.069719 -0.995961 -2.683433 -2.297371 1.430644 -1.034877 -0.365109 1.965803 0.023820 -3.964940 -0.116122 16.991958 0.000000 0.000000 0.000000 0.000000 0.000000 0.000000 0.000000 0.000000 0.000000 0.000000 0.000000 0.000000 0.000000 0.000000 0.000000 0.000000 0.000000 
30.091417 11.381264 7.691972 9.139058 3.644842 4.285645 6.482378 -1.612538 -0.150641 -3.009683 -0.657580 5.549721 7.584382 3.174934 0.293102 0.024404 -3.779221 5.909268 2.961608 3.551841 2.515592 3.681303 0.071545 -0.877062 5.818422 -2.800123 -3.316410 2.900051 0.022937 -2.592358 3.323723 1.281131 -2.172361 16.616290 0.000000 0.000000 0.000000 0.000000 0.000000 0.000000 0.000000 0.000000 0.000000 0.000000 0.000000 0.000000 0.000000 0.000000 0.000000 0.000000 
31.022063 13.624066 6.698301 2.776363 3.337623 3.393820 5.135756 -0.797411 -4.559004 -0.106302 4.929816 3.978845 1.526146 -3.091562 -0.708507 -2.448774 3.460484 1.834073 0.275136 5.398546 5.179057 -3.667102 2.407360 1.336304 -2.653616 3.224549 -2.737825 -0.682942 1.948047 -0.574443 0.521575 0.389598 5.108231 1.427760 14.803383 0.000000 0.000000 0.000000 0.000000 0.000000 0.000000 0.000000 0.000000 0.000000 0.000000 0.000000 0.000000 0.000000 0.000000 0.000000 
36.509642 9.724554 6.610102 3.372916 4.173273 6.808510 2.424226 1.420561 0.985648 2.619372 -3.319305 6.492813 4.412694 3.733064 -0.251181 1.910119 0.379491 3.436204 1.824606 1.602449 -1.328774 3.369762 1.616922 -0.506972 3.898401 1.356129 4.809879 1.710693 2.439198 2.382073 3.616763 1.634707 -1.308058 2.185259 2.104143 13.962232 0.000000 0.000000 0.000000 0.000000 0.000000 0.000000 0.000000 0.000000 0.000000 0.000000 0.000000 0.000000 0.000000 0.000000 
30.673633 9.740017 7.955085 9.238663 4.741879 2.624262 4.584900 3.379335 -0.513472 0.345015 3.559080 0.468954 -2.251765 3.270119 -1.250399 0.836879 0.152995 3.514814 -1.083690 2.722063 2.708966 0.763200 4.610031 1.081761 1.606017 3.164832 -5.533759 1.596337 -0.456609 1.076666 -1.821377 2.106654 3.405091 -1.253859 0.351129 -5.064515 14.539783 0.000000 0.000000 0.000000 0.000000 0.000000 0.000000 0.000000 0.000000 0.000000 0.000000 0.000000 0.000000 0.000000 
25.531177 9.902627 2.793974 10.119164 2.129860 2.676460 6.639607 0.781688 4.014142 -5.071808 -2.073169 7.450478 1.121000 4.863129 3.092710 5.022891 0.206998 2.348122 -4.310678 -3.650036 -0.955005 -0.148451 2.816761 2.425097 -1.215352 -1.432887 3.791046 1.656106 1.725267 1.632032 -0.643550 1.163046 2.676108 -1.594423 -2.095706 -0.760678 -0.268855 13.632825 0.000000 0.000000 0.000000 0.000000 0.000000 0.000000 0.000000 0.000000 0.000000 0.000000 0.000000 0.000000 
32.280638 14.560033 3.818044 5.454365 8.342195 5.530186 4.058666 -0.490122 1.752064 -1.841003 1.698752 3.608719 0.498997 3.660661 1.586087 1.564023 4.139170 3.167594 0.544063 7.474338 2.450518 1.746309 3.627488 -4.958157 -4.108583 0.001007 -3.354753 -1.176216 3.175637 -1.645941 -0.613744 -2.415348 -2.789989 -1.642576 -2.840894 0.362833 -3.099919 1.738814 16.798353 0.000000 0.000000 0.000000 0.000000 0.000000 0.000000 0.000000 0.000000 0.000000 0.000000 0.000000 
30.814101 9.475428 1.364078 4.343909 5.740546 0.475319 5.889585 0.214145 3.774767 -0.198794 2.427486 -0.742313 2.946240 1.755037 0.612696 3.850056 2.051776 -0.982537 0.037054 -1.687611 -4.322367 3.577959 -1.270313 -5.811720 2.892148 0.369611 2.564912 2.517099 -3.175841 -3.290638 0.586102 1.386348 -1.095956 -1.884586 -0.728776 2.662620 -1.327517 -1.900064 -1.527240 15.037437 0.000000 0.000000 0.000000 0.000000 0.000000 0.000000 0.000000 0.000000 0.000000 0.000000 
34.812128 8.710551 1.675349 9.923583 3.417076 0.204342 6.386527 -0.544488 -5.072698 -2.837614 -0.711606 -1.848571 1.466967 5.156151 5.559304 -2.493508 -0.592709 3.685478 2.957466 0.070321 1.791587 2.688522 0.509040 -2.098578 -0.223533 0.827637 1.366940 1.575900 -1.487699 0.808967 1.134290 4.948403 3.961804 -0.817992 -1.502733 1.963125 2.671186 -0.591091 -2.464598 3.661604 11.962734 0.000000 0.000000 0.000000 0.000000 0.000000 0.000000 0.000000 0.000000 0.000000 
27.149636 13.099539 5.125385 5.398966 6.116858 -0.038794 2.146450 2.606671 0.334198 1.304967 0.630359 1.972029 -1.863057 1.590924 1.045772 -0.076853 4.688973 4.827927 0.596834 4.794834 4.006098 6.686147 -1.850892 2.051801 -1.678139 -1.068540 6.775709 -1.481006 1.444419 -2.435938 0.340786 4.056756 0.497958 1.637923 3.558076 1.784471 -1.680359 -0.746866 1.756005 2.069835 1.095816 14.454238 0.000000 0.000000 0.000000 0.000000 0.000000 0.000000 0.000000 0.000000 
33.555342 6.382474 2.151711 7.989177 0.100380 6.243117 4.829876 -2.173459 -0.638566 3.007618 3.373411 3.028604 4.041419 4.782234 2.974650 0.958220 -0.946001 5.388815 0.423753 5.546661 1.255917 1.843338 -3.066123 -1.069668 0.254606 0.164106 -2.806758 -1.056799 5.951915 2.937243 2.274010 -2.245990 4.243855 1.306471 1.998956 1.864867 -2.306209 1.601492 0.882781 -0.549912 -3.839664 -2.999096 15.207231 0.000000 0.000000 0.000000 0.000000 0.000000 0.000000 0.000000 
31.080627 11.237374 8.724121 7.628707 8.066661 -0.799389 6.102594 4.970948 2.508222 -4.001397 -2.633708 -1.892092 -2.937210 4.425838 2.185233 -0.622286 1.040348 2.855962 -2.019030 3.621680 -0.690739 0.005351 -0.414923 -3.148730 -5.245201 2.953421 1.715918 -1.073004 1.121808 -1.946821 -1.644042 -0.980795 5.792530 -2.288505 -2.141023 -0.262280 3.325958 0.259829 2.163048 -1.399852 5.010130 -3.103746 -1.389463 14.158579 0.000000 0.000000 0.000000 0.000000 0.000000 0.000000 
35.655893 12.358692 4.248884 10.337408 2.744128 0.077979 3.346382 3.948663 3.079860 -0.918450 3.802026 -0.889601 -0.039342 3.529481 7.309568 0.410052 2.320062 -0.309114 -6.611811 0.191639 2.124520 -1.723078 4.141511 -2.048113 -4.611741 2.797690 3.028225 0.104737 1.345218 -1.842629 0.829931 0.019736 -0.208537 -0.517007 0.332667 -2.936888 -0.902916 2.275110 0.825179 0.913334 -0.244880 -1.879487 -0.077318 4.091567 13.840860 0.000000 0.000000 0.000000 0.000000 0.000000 
27.252580 13.454342 2.377201 13.529839 1.836008 2.161670 4.039128 -0.914873 -5.154645 6.169869 0.988651 4.212590 3.406305 7.342463 0.778592 -0.823750 -3.160019 -2.780917 -1.428990 1.539294 0.457154 2.458043 -0.638796 -2.565139 -0.443090 0.600654 -2.864154 0.207207 4.334848 6.306549 0.552348 -0.232118 0.801924 -1.937894 3.502696 1.607046 -3.831068 -0.191427 1.547479 -0.984406 0.047388 -1.860960 -0.041651 3.721315 2.441473 12.906429 0.000000 0.000000 0.000000 0.000000 
32.461060 7.642161 7.829987 6.752005 5.199446 5.918746 0.405731 1.302173 1.832455 -2.705784 0.572503 1.812979 5.304230 1.668817 4.492152 0.421061 4.018977 4.689732 -0.417888 -5.284799 2.110971 1.960151 -1.891232 2.231684 1.232408 1.275973 -1.278440 -4.447038 1.145957 3.453855 -1.538154 2.516870 -2.792272 -2.867165 0.452749 -1.825548 -0.872238 0.016683 2.209690 1.403075 0.551706 -3.532216 1.426403 0.788353 -1.956115 1.347422 15.939280 0.000000 0.000000 0.000000 
33.261460 8.874882 3.202832 5.453690 2.375515 4.095318 4.590861 0.653263 0.384742 2.774542 -1.384616 -2.464370 4.058543 1.755851 2.136406 0.300554 0.262402 0.051382 1.337273 6.226651 2.546273 -4.657164 3.418605 -2.903877 1.536659 2.927315 3.980164 -0.862247 6.492421 1.898939 -0.039440 1.011828 -2.253705 -3.272085 -0.320568 1.808773 -1.665475 -0.758742 0.410527 -2.430952 0.278106 2.970625 -1.332525 -5.246958 0.380982 -2.557120 0.039929 14.732190 0.000000 0.000000 
30.982701 8.042927 6.590399 12.103156 2.465767 -1.542254 1.296093 3.293409 -1.531292 5.234782 0.215266 2.810450 1.039907 1.447874 -1.699254 0.918804 3.537485 3.028679 -4.012016 -1.092872 -0.995747 -1.484729 1.009828 1.284297 -1.968528 -0.314984 0.265919 -0.808440 3.075983 -2.716035 -5.598085 -2.156153 3.457994 3.827978 2.067083 -0.660031 1.106895 2.188626 1.017838 -4.564574 -2.534030 1.331905 2.730961 1.962316 2.312914 -1.659637 -1.538963 -1.828673 13.818215 0.000000 
32.054820 9.716110 0.004118 5.058679 3.722556 5.245754 1.837365 -3.511957 3.574607 1.453032 2.077591 5.082846 0.594747 4.223447 1.486243 -0.899014 -0.988088 2.214522 -0.727222 1.470175 1.425617 4.194403 2.998437 -3.444256 -2.742779 1.094052 -0.243997 -1.405304 1.801809 -0.790204 6.106725 -1.965567 1.943709 -1.446356 2.284276 2.036367 -1.525301 1.141104 1.297649 1.792996 0.325547 0.154780 -0.694692 -0.719336 3.852613 -0.365273 -0.739317 -1.604116 -2.513952 13.296619 
