-15.466474
-31.997112
-47.959568
-63.236644
-77.819927
-91.708813
-104.903257
-117.403257
-129.208812
-140.319923
-150.736590
-160.458812
-169.486590
-177.819923
-185.458812
-192.403257
-198.653257
-204.208812
-209.069923
-213.236590
-216.708812
-219.486590
-221.569923
-222.958812
-223.653257
-223.653257
-222.958812
-221.569923
-219.486590
-216.708812
-213.236590
-209.069923
-204.208812
-198.653257
-192.403257
-185.458812
-177.819923
-169.486590
-160.458812
-150.736590
-140.319923
-129.208812
-117.403257
-104.903257
-91.708813
-77.819927
-63.236644
-47.959568
-31.997112
-15.466474