1 13.713414633215809
2 0.492334502610899
3 0.223358458755092
4 0.131534016558831
5 0.087167864514418
6 0.062066311350947
7 0.046464044904968
8 0.036047775508333
9 0.028727592870435
10 0.023385317051190
11 0.019373864083159
12 0.016294564586459
13 0.013888985606311
14 0.011982482861017
15 0.010452944076076
16 0.009212585490128
17 0.008196871356111
18 0.007357496525485
19 0.006657780124738
20 0.006069543269698
21 0.005570932214368
22 0.005144863621785
23 0.004777891612410
24 0.004459368514512
25 0.004180814934009
26 0.003935441947217
27 0.003717785633322
28 0.003523425641654
29 0.003348767265222
30 0.003190871894760
31 0.003047324565956
32 0.002916130091791
33 0.002795631316214
34 0.002684444548207
35 0.002581408381124
36 0.002485542971005
37 0.002396017510434
38 0.002312124142515
39 0.002233256950326
40 0.002158894958645
41 0.002088588317848
42 0.002021947020418
43 0.001958631640653
44 0.001898345697074
45 0.001840829321822
46 0.001785853987487
47 0.001733218093402
48 0.001682743253937
49 0.001634271162954
50 0.001587660933542
51 0.001542786831790
52 0.001499536338842
53 0.001457808487823
54 0.001417512431976
55 0.001378566208182
56 0.001340895666318
57 0.001304433539907
58 0.001269118637649
59 0.001234895138698
60 0.001201711977294
61 0.001169522304545
62 0.001138283017043
63 0.001107954343461
64 0.001078499481603
65 0.001049884279411
66 0.001022076954343
67 0.000995047846283
68 0.000968769199813
69 0.000943214972194
70 0.000918360663906
71 0.000894183168978
72 0.000870660642709
73 0.000847772384658
74 0.000825498735075
75 0.000803820983144
76 0.000782721285626
77 0.000762182594649
78 0.000742188593563
79 0.000722723639886
80 0.000703772714506
81 0.000685321376386
82 0.000667355722127
83 0.000649862349810
84 0.000632828326607
85 0.000616241159717
86 0.000600088770244
87 0.000584359469652
88 0.000569041938520
89 0.000554125207297
90 0.000539598638856
91 0.000525451912608
92 0.000511675010024
93 0.000498258201378
94 0.000485192033586
95 0.000472467319013
96 0.000460075125141
97 0.000448006764992
98 0.000436253788240
99 0.000424807972920
100 0.000413661317674
101 0.000402806034491
102 0.000392234541863
103 0.000381939458339
104 0.000371913596426
105 0.000362149956795
106 0.000352641722784
107 0.000343382255148
108 0.000334365087049
109 0.000325583919256
110 0.000317032615543
111 0.000308705198262
112 0.000300595844088
113 0.000292698879911
114 0.000285008778871
115 0.000277520156528
116 0.000270227767154
117 0.000263126500139
118 0.000256211376507
119 0.000249477545536
120 0.000242920281476
121 0.000236534980355
122 0.000230317156881
123 0.000224262441419
124 0.000218366577060
125 0.000212625416751
126 0.000207034920521
127 0.000201591152758
128 0.000196290279568
129 0.000191128566198
130 0.000186102374523
131 0.000181208160592
132 0.000176442472247
133 0.000171801946786
134 0.000167283308694
135 0.000162883367427
136 0.000158599015252
137 0.000154427225134
138 0.000150365048687
139 0.000146409614162
140 0.000142558124493
141 0.000138807855389
142 0.000135156153474
143 0.000131600434469
144 0.000128138181423
145 0.000124766942987
146 0.000121484331727
147 0.000118288022487
148 0.000115175750781
149 0.000112145311238
150 0.000109194556073
151 0.000106321393606
152 0.000103523786814
153 0.000100799751918
154 0.000098147357010
155 0.000095564720706
156 0.000093050010843
157 0.000090601443204
158 0.000088217280274
159 0.000085895830027
160 0.000083635444749
161 0.000081434519887
162 0.000079291492924
163 0.000077204842290
164 0.000075173086296
165 0.000073194782095
166 0.000071268524672
167 0.000069392945859
168 0.000067566713373
169 0.000065788529879
170 0.000064057132083
171 0.000062371289842
172 0.000060729805295
173 0.000059131512024
174 0.000057575274233
175 0.000056059985945
176 0.000054584570223
177 0.000053147978412
178 0.000051749189398
179 0.000050387208890
180 0.000049061068713
181 0.000047769826129
182 0.000046512563168
183 0.000045288385983
184 0.000044096424213
185 0.000042935830371
186 0.000041805779243
187 0.000040705467306
188 0.000039634112157
189 0.000038590951960
190 0.000037575244908
191 0.000036586268694
192 0.000035623320006
193 0.000034685714020
194 0.000033772783920
195 0.000032883880427
196 0.000032018371332
197 0.000031175641056
198 0.000030355090207
199 0.000029556135156
200 0.000028778207627
201 0.000028020754289
202 0.000027283236365
203 0.000026565129252
204 0.000025865922144
205 0.000025185117674
206 0.000024522231557
207 0.000023876792251
208 0.000023248340615
209 0.000022636429591
210 0.000022040623881
211 0.000021460499639
212 0.000020895644171
213 0.000020345655641
214 0.000019810142785
215 0.000019288724637
216 0.000018781030250
217 0.000018286698442
218 0.000017805377531
219 0.000017336725092
220 0.000016880407709
221 0.000016436100739
222 0.000016003488083
223 0.000015582261959
224 0.000015172122684
225 0.000014772778464
226 0.000014383945179
227 0.000014005346190
228 0.000013636712137
229 0.000013277780746
230 0.000012928296649
231 0.000012588011196
232 0.000012256682281
233 0.000011934074171
234 0.000011619957334
235 0.000011314108282
236 0.000011016309407
237 0.000010726348828
238 0.000010444020240
239 0.000010169122768
240 0.000009901460824
