0.640258
0.599245
0.006738
0.638162
0.632009
0.621997
0.514934
0.393764
0.006738
0.203122
0.607842
0.079550
0.639582
0.130758
0.572315
0.479304
0.360107
0.222931
0.627433
0.408586
0.053641
0.555571
0.263489
0.568898
0.006738
0.163152
0.609023
0.391907
0.472218
0.157721
0.606165
0.615389
0.006738
0.551332
0.531973
0.591005
0.121396
0.087622
0.233452
0.422689
0.258310
0.378301
0.635372
0.591031
0.091405
0.124763
0.194872
0.151758
0.226457
0.190270
0.293583
0.347419
0.530182
0.501017
0.451790
0.504777
0.528829
0.292276
0.464618
0.440787
0.332268
0.412953
0.578489
0.006738
0.006738
0.566299
0.467647
0.505636
0.467169
0.306009
0.422289
0.369838
0.273578
0.142889
0.553127
0.006738
0.006738
0.340671
0.204359
0.006738
0.538439
0.056675
0.083796
0.308108
0.487155
0.373784
0.358897
0.524223
0.078235
0.100916
0.499115
0.191821
0.522646
0.185785
0.131198
0.397214
0.254334
0.469247
0.006738
0.090403
0.436433
0.006738
0.083314
0.430762
0.400461
0.145383
0.162530
0.332237
0.328052
0.234638
0.249376
0.385146
0.245695
0.310072
0.271746
0.445500
0.349632
0.432677
0.589167
0.006738
0.548125
0.282650
0.070717
0.188468
0.493222