1 13.139842374895840
2 0.275904211875408
3 0.137594762031032
4 0.082925685322928
5 0.058249590791280
6 0.043174122336787
7 0.033902768592586
8 0.027323343620419
9 0.022621524219207
10 0.019026415786001
11 0.016246174263458
12 0.014021752392747
13 0.012221567486281
14 0.010736592289694
15 0.009499526075741
16 0.008456444741128
17 0.007569842728974
18 0.006809880599218
19 0.006154251890701
20 0.005585085833681
21 0.005088403605907
22 0.004652860305882
23 0.004269306513766
24 0.003930207381446
25 0.003629350250991
26 0.003361545826602
27 0.003122442445035
28 0.002908358804001
29 0.002716166473716
30 0.002543190016488
31 0.002387131593414
32 0.002246008238236
33 0.002118102372083
34 0.002001920765383
35 0.001896161215558
36 0.001799684765052
37 0.001711492682678
38 0.001630707106007
39 0.001556554760670
40 0.001488353142837
41 0.001425498763442
42 0.001367457086315
43 0.001313753890288
44 0.001263967822164
45 0.001217723958208
46 0.001174688219970
47 0.001134562519322
48 0.001097080527242
49 0.001062003978787
50 0.001029119440159
51 0.000998235475382
52 0.000969180159381
53 0.000941798892084
54 0.000915952474663
55 0.000891515414468
56 0.000868374429820
57 0.000846427129721
58 0.000825580846855
59 0.000805751605098
60 0.000786863205187
61 0.000768846414273
62 0.000751638246924
63 0.000735181326672
64 0.000719423318580
65 0.000704316424468
66 0.000689816933461
67 0.000675884821442
68 0.000662483393719
69 0.000649578965975
70 0.000637140579078
71 0.000625139743932
72 0.000613550212952
73 0.000602347775177
74 0.000591510072373
75 0.000581016433804
76 0.000570847727597
77 0.000560986226897
78 0.000551415489190
79 0.000542120247384
80 0.000533086311367
81 0.000524300478958
82 0.000515750455222
83 0.000507424779308
84 0.000499312758013
85 0.000491404405373
86 0.000483690387694
87 0.000476161973443
88 0.000468810987539
89 0.000461629769594
90 0.000454611135724
91 0.000447748343590
92 0.000441035060343
93 0.000434465333221
94 0.000428033562532
95 0.000421734476814
96 0.000415563109965
97 0.000409514780173
98 0.000403585070481
99 0.000397769810843
100 0.000392065061544
101 0.000386467097868
102 0.000380972395898
103 0.000375577619375
104 0.000370279607499
105 0.000365075363620
106 0.000359962044737
107 0.000354936951739
108 0.000349997520330
109 0.000345141312593
110 0.000340366009128
111 0.000335669401739
112 0.000331049386610
113 0.000326503957950
114 0.000322031202057
115 0.000317629291787
116 0.000313296481379
117 0.000309031101635
118 0.000304831555400
119 0.000300696313349
120 0.000296623910041
121 0.000292612940232
122 0.000288662055417
123 0.000284769960604
124 0.000280935411282
125 0.000277157210590
126 0.000273434206661
127 0.000269765290132
128 0.000266149391810
129 0.000262585480488
130 0.000259072560891
131 0.000255609671754
132 0.000252195884013
133 0.000248830299115
134 0.000245512047424
135 0.000242240286731
136 0.000239014200848
137 0.000235832998296
138 0.000232695911062
139 0.000229602193443
140 0.000226551120947
141 0.000223541989270
142 0.000220574113328
143 0.000217646826352
144 0.000214759479028
145 0.000211911438699
146 0.000209102088607
147 0.000206330827178
148 0.000203597067353
149 0.000200900235961
150 0.000198239773117
151 0.000195615131666
152 0.000193025776655
153 0.000190471184830
154 0.000187950844175
155 0.000185464253460
156 0.000183010921828
157 0.000180590368399
158 0.000178202121897
159 0.000175845720297
160 0.000173520710495
161 0.000171226647989
162 0.000168963096585
163 0.000166729628115
164 0.000164525822167
165 0.000162351265838
166 0.000160205553491
167 0.000158088286528
168 0.000155999073177
169 0.000153937528287
170 0.000151903273135
171 0.000149895935238
172 0.000147915148185
173 0.000145960551465
174 0.000144031790309
175 0.000142128515543
176 0.000140250383440
177 0.000138397055586
178 0.000136568198746
179 0.000134763484744
180 0.000132982590339
181 0.000131225197113
182 0.000129490991362
183 0.000127779663992
184 0.000126090910417
185 0.000124424430465
186 0.000122779928285
187 0.000121157112258
188 0.000119555694914
189 0.000117975392847
190 0.000116415926639
191 0.000114877020783
192 0.000113358403611
193 0.000111859807222
194 0.000110380967414
195 0.000108921623619
196 0.000107481518839
197 0.000106060399585
198 0.000104658015816
199 0.000103274120883
200 0.000101908471471
201 0.000100560827547
202 0.000099230952303
203 0.000097918612111
204 0.000096623576466
205 0.000095345617944
206 0.000094084512149
207 0.000092840037670
208 0.000091611976037
209 0.000090400111673
210 0.000089204231856
211 0.000088024126675
212 0.000086859588987
213 0.000085710414380
214 0.000084576401135
215 0.000083457350184
216 0.000082353065074
217 0.000081263351932
218 0.000080188019427
219 0.000079126878736
220 0.000078079743509
221 0.000077046429835
222 0.000076026756207
223 0.000075020543495
224 0.000074027614906
225 0.000073047795960
226 0.000072080914451
227 0.000071126800426
228 0.000070185286147
229 0.000069256206065
230 0.000068339396791
231 0.000067434697067
232 0.000066541947737
233 0.000065660991722
234 0.000064791673990
235 0.000063933841530
236 0.000063087343326
237 0.000062252030332
238 0.000061427755444
239 0.000060614373475
240 0.000059811741133
241 0.000059019716993
242 0.000058238161474
243 0.000057466936816
244 0.000056705907056
245 0.000055954938003
246 0.000055213897219
247 0.000054482653991
248 0.000053761079315
249 0.000053049045867
250 0.000052346427988
251 0.000051653101659
252 0.000050968944478
253 0.000050293835645
254 0.000049627655937
255 0.000048970287686
256 0.000048321614765
257 0.000047681522563
258 0.000047049897969
259 0.000046426629348
260 0.000045811606527
261 0.000045204720775
262 0.000044605864781
263 0.000044014932640
264 0.000043431819833
265 0.000042856423209
266 0.000042288640967
267 0.000041728372641
268 0.000041175519079
269 0.000040629982430
270 0.000040091666124
271 0.000039560474858
272 0.000039036314576
273 0.000038519092458
274 0.000038008716901
275 0.000037505097502
276 0.000037008145045
277 0.000036517771485
278 0.000036033889933
279 0.000035556414641
280 0.000035085260984
281 0.000034620345452
282 0.000034161585631
283 0.000033708900188
284 0.000033262208860
285 0.000032821432439
286 0.000032386492759
287 0.000031957312679
288 0.000031533816075
289 0.000031115927822
290 0.000030703573786
291 0.000030296680805
292 0.000029895176681
293 0.000029498990167
294 0.000029108050953
295 0.000028722289655
296 0.000028341637801
297 0.000027966027822
298 0.000027595393039
299 0.000027229667650
300 0.000026868786722
301 0.000026512686175
302 0.000026161302774
303 0.000025814574119
304 0.000025472438631
305 0.000025134835543
306 0.000024801704889
307 0.000024472987494
308 0.000024148624962
309 0.000023828559671
310 0.000023512734753
311 0.000023201094096
312 0.000022893582325
313 0.000022590144795
314 0.000022290727586
315 0.000021995277485
316 0.000021703741984
317 0.000021416069267
318 0.000021132208204
319 0.000020852108337
320 0.000020575719876
321 0.000020302993688
322 0.000020033881289
323 0.000019768334836
324 0.000019506307117
325 0.000019247751544
326 0.000018992622143
327 0.000018740873550
328 0.000018492460999
329 0.000018247340315
330 0.000018005467908
331 0.000017766800763
332 0.000017531296434
333 0.000017298913036
334 0.000017069609237
335 0.000016843344252
336 0.000016620077836
337 0.000016399770275
338 0.000016182382379
339 0.000015967875479
340 0.000015756211415
341 0.000015547352532
342 0.000015341261675
343 0.000015137902177
344 0.000014937237859
345 0.000014739233019
346 0.000014543852427
347 0.000014351061321
348 0.000014160825396
349 0.000013973110803
350 0.000013787884140
351 0.000013605112447
352 0.000013424763201
353 0.000013246804307
354 0.000013071204099
355 0.000012897931324
356 0.000012726955149
357 0.000012558245144
358 0.000012391771284
359 0.000012227503942
360 0.000012065413882
361 0.000011905472255
362 0.000011747650594
363 0.000011591920809
364 0.000011438255183
365 0.000011286626363
366 0.000011137007361
367 0.000010989371545
368 0.000010843692636
369 0.000010699944702
370 0.000010558102156
371 0.000010418139749
372 0.000010280032565
373 0.000010143756020
374 0.000010009285854
375 0.000009876598130
