0.674907
0.629946
0.006738
0.672631
0.665962
0.655063
0.543817
0.417015
0.006738
0.215145
0.639475
0.084610
0.674327
0.138411
0.605815
0.509397
0.383711
0.237779
0.661164
0.433393
0.056779
0.587631
0.280269
0.599596
0.006738
0.173217
0.643555
0.417407
0.501486
0.168000
0.640452
0.647976
0.006738
0.584212
0.562564
0.623693
0.129359
0.093198
0.247941
0.450085
0.275450
0.402167
0.669862
0.624642
0.096897
0.132689
0.207413
0.161882
0.241370
0.203015
0.312810
0.368892
0.562048
0.531122
0.480591
0.536122
0.561288
0.311780
0.491947
0.468170
0.354279
0.439495
0.607391
0.006738
0.006738
0.594232
0.492651
0.528808
0.487507
0.322921
0.439619
0.383876
0.282529
0.146445
0.579992
0.006738
0.006738
0.353084
0.214814
0.006738
0.564214
0.059466
0.085586
0.318842
0.509027
0.393901
0.376125
0.551147
0.081897
0.103851
0.524032
0.197207
0.547354
0.191993
0.138039
0.413007
0.265301
0.491939
0.006738
0.093761
0.459225
0.006738
0.086837
0.450655
0.420674
0.152331
0.169379
0.349442
0.341201
0.241855
0.258658
0.401995
0.257606
0.324357
0.286135
0.464538
0.369754
0.457111
0.619197
0.006738
0.577146
0.299340
0.074625
0.198971
0.520565