0.995000
1.989903
2.984707
3.979414
4.974022
5.968532
6.962945
7.957259
8.951475
9.945594
10.939614
11.933536
12.927360
13.921086
14.914714
15.908244
16.901676
17.895010
18.888246
19.881384
20.874424
21.867366
22.860210
23.852956
24.845603
25.838153
26.830605
27.822959
28.815214
29.807372
30.799431
31.791393
32.783257
33.775022
34.766690
35.758259
36.749730
37.741104
38.732379
39.723557
40.714636
41.705617
42.696500
43.687286
44.677973
45.668562
46.659053
47.649446
48.639741
49.629938
50.620037
51.610038
52.599941
53.589746
54.579453
55.569062
56.558573
57.547985
58.537300
59.526517
60.515636
61.504656
62.493579
63.482404
64.471130
65.459759
66.448289
67.436722
68.425056
69.413293
70.401431
71.389472
72.377414
73.365258
74.353005
75.340653
76.328203
77.315655
78.303010
79.290266
80.277424
81.264484
82.251446
83.238310
84.225076
85.211744
86.198314
87.184786
88.171160
89.157436
90.143613
91.129693
92.115675
93.101559
94.087344
95.073032
96.058622
97.044113
98.029507
99.014802