0.1414213562
0.1414213562
0.1414213562
0.1414213562
0.1414213562
0.1414213562
0.1414213562
0.1414213562
0.1414213562
0.1414213562
0.1414213562
0.1414213562
0.1414213562
0.1414213562
0.1414213562
0.1414213562
0.1414213562
0.1414213562
0.1414213562
0.1414213562
0.1414213562
0.1414213562
0.1414213562
0.1414213562
0.1414213562
0.1414213562
0.1414213562
0.1414213562
0.1414213562
0.1414213562
0.1414213562
0.1414213562
0.1414213562
0.1414213562
0.1414213562
0.1414213562
0.1414213562
0.1414213562
0.1414213562
0.1414213562
0.1414213562
0.1414213562
0.1414213562
0.1414213562
0.1414213562
0.1414213562
0.1414213562
0.1414213562
0.1414213562
0.1414213562
