8.061018 0.584004 5.355934 7.183995 1.401049 7.424860 9.620601 3.447019 4.050420 5.400930 3.428056 5.332410 1.816325 6.973061 6.233511 
8.463118 9.667173 4.646668 6.557426 0.666128 5.608782 6.793716 1.987533 4.462784 6.018201 7.897227 8.693883 8.085230 8.467988 1.481649 
4.371177 6.378839 9.225890 3.927194 4.342643 6.794974 3.134930 8.773992 4.491144 2.659193 3.063077 1.133832 6.314123 1.467158 8.520260 
5.837362 8.536352 0.459963 1.544802 3.875179 0.136335 1.390226 5.529160 8.586629 5.467809 7.460835 4.257011 7.584522 3.059569 2.174349 
4.108721 5.270422 9.987502 9.944710 1.668499 3.847319 1.889750 1.025183 0.245690 9.316234 7.952143 1.666297 5.447899 2.836356 0.641028 
4.259546 0.188537 8.739994 3.086516 5.070059 3.232594 2.445077 4.412558 1.860690 2.622409 4.830307 2.973877 1.958990 4.752055 7.785707 
4.123746 7.792531 9.067725 1.248260 9.506859 1.784403 1.417760 1.441882 3.711041 1.463576 8.320767 7.122650 0.371676 6.759612 8.801858 
2.332611 4.197950 4.952100 9.936730 6.626826 7.063827 1.734380 9.758338 7.103156 2.736458 1.649953 0.754860 6.932992 2.800498 7.970289 
3.083119 7.982252 7.707985 8.099443 7.341770 3.128507 0.819168 7.756700 7.172445 6.978860 3.708123 2.416894 0.733142 1.909252 8.792432 
4.425017 1.266079 8.981705 5.517033 4.777173 9.942413 2.135532 1.884542 3.503521 4.315517 5.446553 0.218854 8.271695 2.383927 6.656799 
6.397833 8.379671 7.136134 7.004468 4.098169 7.923799 5.292887 7.559026 4.542373 3.660146 6.465942 3.435516 0.720394 7.658480 6.073118 
7.738547 1.758302 1.776380 5.625854 3.720544 1.184433 6.762704 0.762219 0.609975 1.851409 6.634809 2.105823 0.629049 2.420120 4.960176 
6.724644 1.085902 0.748909 6.917941 9.836747 6.212682 6.542077 2.692092 5.989961 3.266672 2.955051 5.540447 8.456486 5.730426 1.278114 
1.681124 4.643096 6.518217 1.678166 4.940095 8.171679 1.402449 0.960787 7.949373 5.108243 4.246148 5.003310 0.630733 1.652471 4.524774 
0.791758 7.076726 8.542183 8.476942 1.971773 9.594030 6.869537 6.305542 7.241181 2.537422 6.449985 4.889749 2.004200 4.592880 3.284529 
