3.023854 0.000000 0.000000 0.000000 0.000000 0.000000 0.000000 0.000000 0.000000 0.000000 0.000000 0.000000 0.000000 0.000000 0.000000 
8.873317 4.449991 0.000000 0.000000 0.000000 0.000000 0.000000 0.000000 0.000000 0.000000 0.000000 0.000000 0.000000 0.000000 0.000000 
7.256056 2.533726 4.905856 0.000000 0.000000 0.000000 0.000000 0.000000 0.000000 0.000000 0.000000 0.000000 0.000000 0.000000 0.000000 
0.611207 2.559434 6.414590 1.016963 0.000000 0.000000 0.000000 0.000000 0.000000 0.000000 0.000000 0.000000 0.000000 0.000000 0.000000 
7.236606 5.640057 2.435607 5.244947 2.642497 0.000000 0.000000 0.000000 0.000000 0.000000 0.000000 0.000000 0.000000 0.000000 0.000000 
6.569834 9.198093 2.350921 1.926485 8.436105 6.060261 0.000000 0.000000 0.000000 0.000000 0.000000 0.000000 0.000000 0.000000 0.000000 
1.816893 6.513248 8.166502 4.394824 3.800930 2.237253 2.364057 0.000000 0.000000 0.000000 0.000000 0.000000 0.000000 0.000000 0.000000 
3.178696 4.341568 8.740010 3.349951 2.632008 6.155805 0.608518 7.621992 0.000000 0.000000 0.000000 0.000000 0.000000 0.000000 0.000000 
6.144191 5.416677 8.090898 3.721868 3.431983 1.340791 4.675303 7.820986 7.580050 0.000000 0.000000 0.000000 0.000000 0.000000 0.000000 
2.136528 8.627807 7.555208 0.373893 4.019782 0.480539 6.417374 6.813179 9.100184 7.114897 0.000000 0.000000 0.000000 0.000000 0.000000 
9.714128 5.357554 4.408020 5.597105 0.538115 4.104497 4.282357 3.580062 0.098432 4.345682 8.092101 0.000000 0.000000 0.000000 0.000000 
8.949609 6.083749 9.575626 7.549588 5.927695 6.769185 9.689939 8.806863 6.949933 7.516924 6.949684 4.008457 0.000000 0.000000 0.000000 
1.244138 0.222517 9.838064 8.340489 8.592006 5.843747 5.853953 7.387697 5.020924 6.665654 9.653575 7.630505 6.301471 0.000000 0.000000 
8.366526 6.204774 3.629196 5.897393 7.484719 5.671256 6.792251 7.366792 3.681199 9.903267 4.206713 2.224725 0.949736 2.999060 0.000000 
3.896712 2.030624 8.698326 2.757480 4.973819 4.977298 3.441137 5.187723 0.061105 6.998088 6.865953 6.073334 4.531364 8.641490 7.764124 
