8.244012 7.893712 9.624282 5.313842 9.742668 5.024456 6.028900 7.722774 6.667514 0.900667 7.511178 0.363600 1.030099 2.872584 9.514556 
0.000000 1.390671 5.556878 4.446015 4.176713 8.008929 6.064166 0.437432 1.923094 1.434623 1.711640 7.537553 3.657060 4.203694 1.483086 
0.000000 0.000000 6.006837 9.896480 0.134329 7.662801 8.692668 7.674842 1.070290 8.361897 8.401898 0.692730 2.716814 1.485252 2.632073 
0.000000 0.000000 0.000000 2.072485 8.067045 2.817276 9.965018 2.052149 0.465044 5.999633 5.835388 5.367338 8.844656 2.133288 4.164573 
0.000000 0.000000 0.000000 0.000000 8.445751 5.270735 5.241422 2.577268 6.151619 0.267380 3.863897 0.516557 1.767001 7.989315 6.422345 
0.000000 0.000000 0.000000 0.000000 0.000000 4.804785 2.241089 5.987527 2.364110 3.589768 3.225325 8.033019 0.955901 5.830567 4.343128 
0.000000 0.000000 0.000000 0.000000 0.000000 0.000000 2.621883 7.770807 3.945685 5.125575 5.531559 8.909805 7.090636 2.313955 0.639710 
0.000000 0.000000 0.000000 0.000000 0.000000 0.000000 0.000000 9.062697 6.386901 4.650957 8.636800 8.702747 7.061187 7.365206 7.018324 
0.000000 0.000000 0.000000 0.000000 0.000000 0.000000 0.000000 0.000000 8.195553 2.955288 9.525321 2.065195 9.736275 7.579285 5.035220 
0.000000 0.000000 0.000000 0.000000 0.000000 0.000000 0.000000 0.000000 0.000000 8.091899 7.277458 2.236162 3.174992 2.089453 7.442451 
0.000000 0.000000 0.000000 0.000000 0.000000 0.000000 0.000000 0.000000 0.000000 0.000000 1.616652 5.634343 6.396586 7.423707 0.239224 
0.000000 0.000000 0.000000 0.000000 0.000000 0.000000 0.000000 0.000000 0.000000 0.000000 0.000000 8.126586 5.041232 7.985983 0.424203 
0.000000 0.000000 0.000000 0.000000 0.000000 0.000000 0.000000 0.000000 0.000000 0.000000 0.000000 0.000000 3.529822 3.028169 4.437809 
0.000000 0.000000 0.000000 0.000000 0.000000 0.000000 0.000000 0.000000 0.000000 0.000000 0.000000 0.000000 0.000000 6.884268 5.444249 
0.000000 0.000000 0.000000 0.000000 0.000000 0.000000 0.000000 0.000000 0.000000 0.000000 0.000000 0.000000 0.000000 0.000000 7.483484 
